7   11  15  19
1   2   9   20
4   9   13  15
2   9   17  18
1   4   5   15
4   5   7   16
1   4   10  17
2   11  15  17
4   7   13  16
3   7   9   15
1   7   13  16
7   10  11  15
2   3   7   18
7   9   10  13
4   7   13  15
2   3   7   10
1   3   10  19
7   11  18  19
7   9   13  20
13  15  18  20
15  16  19  20
13  17  19  20
3   5   7   16
1   2   15  18
2   3   4   17
2   4   9   18
1   10  16  17
4   10  11  15
2   4   13  19
5   11  16  19
1   3   16  19
3   11  15  19
4   15  18  19
10  11  17  19
2   7   16  20
3   13  16  20
5   15  16  20
2   8   10  20
1   8   17  20
5   11  13  20
4   16  18  20
5   7   8   15
8   11  15  18
3   8   11  15
1   8   9   18
4   7   8   15
8   9   17  18
4   16  17  19
1   8   11  19
6   14  16  19
6   7   15  20
9   16  17  20
4   5   14  15
6   11  13  17
1   6   14  18
4   8   11  18
5   9   10  11
6   11  13  19
4   9   11  19
8   9   10  19
7   14  17  18
1   6   9   14
8   11  14  16
13  14  17  18
8   10  13  16
6   14  17  19
3   6   13  20
4   8   11  14
5   6   10  17
1   2   4   14
1   14  17  18
2   3   6   11
14  15  17  19
2   6   11  20
10  14  18  20
3   5   6   20
2   4   6   20
7   8   10  14
2   5   6   9
8   9   16  19
4   6   17  19
6   7   8   17
7   12  13  14
8   9   10  14
3   6   8   18
5   7   12  16
1   2   6   12
5   7   12  18
6   9   12  17
6   12  18  19
5   12  14  18
2   10  12  16
12  16  18  19
2   11  12  18
4   9   12  17
12  13  17  18
3   12  13  20
8   12  13  14
8   11  12  19
1   2   8   12
